dT:  0.3  input:  incidents.csv  output:  counts.csv
Elapsed time (min):  0.00027928352355957033
   id  feature1  feature2      time  cnt
0   0         1         0  0.031971    0
1   1         1         0  0.297248    1
2   2         1         1  0.418157    1
3   3         0         0  0.497961    0
4   4         1         0  0.573445    1
5   5         0         0  0.888686    0
6   6         1         1  0.331029    0
7   7         0         1  0.724635    0
8   8         0         0  0.577058    1
9   9         0         1  0.028484    0
